(kicad_pcb (version 20171130) (host pcbnew "(5.1.8)-1")

  (general
    (thickness 1.6)
    (drawings 15)
    (tracks 328)
    (zones 0)
    (modules 43)
    (nets 21)
  )

  (page A4)
  (layers
    (0 F.Cu power)
    (1 In1.Cu power)
    (2 In2.Cu power)
    (31 B.Cu signal)
    (32 B.Adhes user)
    (33 F.Adhes user)
    (34 B.Paste user)
    (35 F.Paste user)
    (36 B.SilkS user)
    (37 F.SilkS user)
    (38 B.Mask user)
    (39 F.Mask user)
    (40 Dwgs.User user)
    (41 Cmts.User user)
    (42 Eco1.User user)
    (43 Eco2.User user)
    (44 Edge.Cuts user)
    (45 Margin user)
    (46 B.CrtYd user)
    (47 F.CrtYd user)
    (48 B.Fab user)
    (49 F.Fab user hide)
  )

  (setup
    (last_trace_width 0.25)
    (user_trace_width 0.2)
    (user_trace_width 0.5)
    (trace_clearance 0.2)
    (zone_clearance 0.127)
    (zone_45_only no)
    (trace_min 0.2)
    (via_size 0.8)
    (via_drill 0.4)
    (via_min_size 0.4)
    (via_min_drill 0.3)
    (uvia_size 0.3)
    (uvia_drill 0.1)
    (uvias_allowed no)
    (uvia_min_size 0.2)
    (uvia_min_drill 0.1)
    (edge_width 0.05)
    (segment_width 0.2)
    (pcb_text_width 0.3)
    (pcb_text_size 1.5 1.5)
    (mod_edge_width 0.12)
    (mod_text_size 1 1)
    (mod_text_width 0.15)
    (pad_size 1.524 1.524)
    (pad_drill 0.762)
    (pad_to_mask_clearance 0)
    (aux_axis_origin 0 0)
    (visible_elements 7FFFFFFF)
    (pcbplotparams
      (layerselection 0x010fc_ffffffff)
      (usegerberextensions false)
      (usegerberattributes true)
      (usegerberadvancedattributes true)
      (creategerberjobfile false)
      (excludeedgelayer true)
      (linewidth 0.100000)
      (plotframeref false)
      (viasonmask false)
      (mode 1)
      (useauxorigin false)
      (hpglpennumber 1)
      (hpglpenspeed 20)
      (hpglpendiameter 15.000000)
      (psnegative false)
      (psa4output false)
      (plotreference true)
      (plotvalue true)
      (plotinvisibletext false)
      (padsonsilk false)
      (subtractmaskfromsilk false)
      (outputformat 1)
      (mirror false)
      (drillshape 0)
      (scaleselection 1)
      (outputdirectory "../gerber/"))
  )

  (net 0 "")
  (net 1 CSG)
  (net 2 "Net-(C1-Pad1)")
  (net 3 "Net-(C2-Pad2)")
  (net 4 FB)
  (net 5 "Net-(C3-Pad1)")
  (net 6 Vin)
  (net 7 "Net-(C5-Pad2)")
  (net 8 "Net-(C6-Pad1)")
  (net 9 SW)
  (net 10 "Net-(C11-Pad1)")
  (net 11 Vcc)
  (net 12 Vout)
  (net 13 EN)
  (net 14 "Net-(R5-Pad1)")
  (net 15 "Net-(R7-Pad1)")
  (net 16 "Net-(R8-Pad2)")
  (net 17 CS)
  (net 18 HO)
  (net 19 LO)
  (net 20 "Net-(U1-Pad17)")

  (net_class Default "This is the default net class."
    (clearance 0.2)
    (trace_width 0.25)
    (via_dia 0.8)
    (via_drill 0.4)
    (uvia_dia 0.3)
    (uvia_drill 0.1)
    (add_net CS)
    (add_net CSG)
    (add_net EN)
    (add_net FB)
    (add_net HO)
    (add_net LO)
    (add_net "Net-(C1-Pad1)")
    (add_net "Net-(C11-Pad1)")
    (add_net "Net-(C2-Pad2)")
    (add_net "Net-(C3-Pad1)")
    (add_net "Net-(C5-Pad2)")
    (add_net "Net-(C6-Pad1)")
    (add_net "Net-(R5-Pad1)")
    (add_net "Net-(R7-Pad1)")
    (add_net "Net-(R8-Pad2)")
    (add_net "Net-(U1-Pad17)")
    (add_net SW)
    (add_net Vcc)
    (add_net Vin)
    (add_net Vout)
  )

  (module MountingHole:MountingHole_4.5mm_Pad_Via (layer F.Cu) (tedit 56DDC0D9) (tstamp 6206BB53)
    (at 121 122.2)
    (descr "Mounting Hole 4.5mm")
    (tags "mounting hole 4.5mm")
    (path /6220C7D7)
    (attr virtual)
    (fp_text reference H4 (at 0 -5.5) (layer F.Fab)
      (effects (font (size 1 1) (thickness 0.15)))
    )
    (fp_text value MountingHole_Pad (at 0 5.5) (layer F.Fab)
      (effects (font (size 1 1) (thickness 0.15)))
    )
    (fp_circle (center 0 0) (end 4.5 0) (layer Cmts.User) (width 0.15))
    (fp_circle (center 0 0) (end 4.75 0) (layer F.CrtYd) (width 0.05))
    (fp_text user %R (at 0.3 0) (layer F.Fab)
      (effects (font (size 1 1) (thickness 0.15)))
    )
    (pad 1 thru_hole circle (at 2.386485 -2.386485) (size 0.9 0.9) (drill 0.6) (layers *.Cu *.Mask)
      (net 1 CSG))
    (pad 1 thru_hole circle (at 0 -3.375) (size 0.9 0.9) (drill 0.6) (layers *.Cu *.Mask)
      (net 1 CSG))
    (pad 1 thru_hole circle (at -2.386485 -2.386485) (size 0.9 0.9) (drill 0.6) (layers *.Cu *.Mask)
      (net 1 CSG))
    (pad 1 thru_hole circle (at -3.375 0) (size 0.9 0.9) (drill 0.6) (layers *.Cu *.Mask)
      (net 1 CSG))
    (pad 1 thru_hole circle (at -2.386485 2.386485) (size 0.9 0.9) (drill 0.6) (layers *.Cu *.Mask)
      (net 1 CSG))
    (pad 1 thru_hole circle (at 0 3.375) (size 0.9 0.9) (drill 0.6) (layers *.Cu *.Mask)
      (net 1 CSG))
    (pad 1 thru_hole circle (at 2.386485 2.386485) (size 0.9 0.9) (drill 0.6) (layers *.Cu *.Mask)
      (net 1 CSG))
    (pad 1 thru_hole circle (at 3.375 0) (size 0.9 0.9) (drill 0.6) (layers *.Cu *.Mask)
      (net 1 CSG))
    (pad 1 thru_hole circle (at 0 0) (size 9 9) (drill 4.5) (layers *.Cu *.Mask)
      (net 1 CSG))
  )

  (module MountingHole:MountingHole_4.5mm_Pad_Via (layer F.Cu) (tedit 56DDC0D9) (tstamp 62009C35)
    (at 166 84.8)
    (descr "Mounting Hole 4.5mm")
    (tags "mounting hole 4.5mm")
    (path /6203C8E5)
    (attr virtual)
    (fp_text reference H3 (at 0 -5.5) (layer F.Fab)
      (effects (font (size 1 1) (thickness 0.15)))
    )
    (fp_text value MountingHole_Pad (at 0 5.5) (layer F.Fab)
      (effects (font (size 1 1) (thickness 0.15)))
    )
    (fp_circle (center 0 0) (end 4.5 0) (layer Cmts.User) (width 0.15))
    (fp_circle (center 0 0) (end 4.75 0) (layer F.CrtYd) (width 0.05))
    (fp_text user %R (at 0.3 0) (layer F.Fab)
      (effects (font (size 1 1) (thickness 0.15)))
    )
    (pad 1 thru_hole circle (at 2.386485 -2.386485) (size 0.9 0.9) (drill 0.6) (layers *.Cu *.Mask)
      (net 12 Vout))
    (pad 1 thru_hole circle (at 0 -3.375) (size 0.9 0.9) (drill 0.6) (layers *.Cu *.Mask)
      (net 12 Vout))
    (pad 1 thru_hole circle (at -2.386485 -2.386485) (size 0.9 0.9) (drill 0.6) (layers *.Cu *.Mask)
      (net 12 Vout))
    (pad 1 thru_hole circle (at -3.375 0) (size 0.9 0.9) (drill 0.6) (layers *.Cu *.Mask)
      (net 12 Vout))
    (pad 1 thru_hole circle (at -2.386485 2.386485) (size 0.9 0.9) (drill 0.6) (layers *.Cu *.Mask)
      (net 12 Vout))
    (pad 1 thru_hole circle (at 0 3.375) (size 0.9 0.9) (drill 0.6) (layers *.Cu *.Mask)
      (net 12 Vout))
    (pad 1 thru_hole circle (at 2.386485 2.386485) (size 0.9 0.9) (drill 0.6) (layers *.Cu *.Mask)
      (net 12 Vout))
    (pad 1 thru_hole circle (at 3.375 0) (size 0.9 0.9) (drill 0.6) (layers *.Cu *.Mask)
      (net 12 Vout))
    (pad 1 thru_hole circle (at 0 0) (size 9 9) (drill 4.5) (layers *.Cu *.Mask)
      (net 12 Vout))
  )

  (module MountingHole:MountingHole_4.5mm_Pad_Via (layer F.Cu) (tedit 56DDC0D9) (tstamp 62009C2D)
    (at 166 122.2)
    (descr "Mounting Hole 4.5mm")
    (tags "mounting hole 4.5mm")
    (path /62015BE3)
    (attr virtual)
    (fp_text reference H2 (at 0 -5.5) (layer F.Fab)
      (effects (font (size 1 1) (thickness 0.15)))
    )
    (fp_text value MountingHole_Pad (at 0 5.5) (layer F.Fab)
      (effects (font (size 1 1) (thickness 0.15)))
    )
    (fp_circle (center 0 0) (end 4.5 0) (layer Cmts.User) (width 0.15))
    (fp_circle (center 0 0) (end 4.75 0) (layer F.CrtYd) (width 0.05))
    (fp_text user %R (at 0.3 0) (layer F.Fab)
      (effects (font (size 1 1) (thickness 0.15)))
    )
    (pad 1 thru_hole circle (at 2.386485 -2.386485) (size 0.9 0.9) (drill 0.6) (layers *.Cu *.Mask)
      (net 1 CSG))
    (pad 1 thru_hole circle (at 0 -3.375) (size 0.9 0.9) (drill 0.6) (layers *.Cu *.Mask)
      (net 1 CSG))
    (pad 1 thru_hole circle (at -2.386485 -2.386485) (size 0.9 0.9) (drill 0.6) (layers *.Cu *.Mask)
      (net 1 CSG))
    (pad 1 thru_hole circle (at -3.375 0) (size 0.9 0.9) (drill 0.6) (layers *.Cu *.Mask)
      (net 1 CSG))
    (pad 1 thru_hole circle (at -2.386485 2.386485) (size 0.9 0.9) (drill 0.6) (layers *.Cu *.Mask)
      (net 1 CSG))
    (pad 1 thru_hole circle (at 0 3.375) (size 0.9 0.9) (drill 0.6) (layers *.Cu *.Mask)
      (net 1 CSG))
    (pad 1 thru_hole circle (at 2.386485 2.386485) (size 0.9 0.9) (drill 0.6) (layers *.Cu *.Mask)
      (net 1 CSG))
    (pad 1 thru_hole circle (at 3.375 0) (size 0.9 0.9) (drill 0.6) (layers *.Cu *.Mask)
      (net 1 CSG))
    (pad 1 thru_hole circle (at 0 0) (size 9 9) (drill 4.5) (layers *.Cu *.Mask)
      (net 1 CSG))
  )

  (module MountingHole:MountingHole_4.5mm_Pad_Via (layer F.Cu) (tedit 56DDC0D9) (tstamp 62009C25)
    (at 121 84.8)
    (descr "Mounting Hole 4.5mm")
    (tags "mounting hole 4.5mm")
    (path /6200F8F4)
    (attr virtual)
    (fp_text reference H1 (at 0 -5.5) (layer F.Fab)
      (effects (font (size 1 1) (thickness 0.15)))
    )
    (fp_text value MountingHole_Pad (at 0 5.5) (layer F.Fab)
      (effects (font (size 1 1) (thickness 0.15)))
    )
    (fp_circle (center 0 0) (end 4.5 0) (layer Cmts.User) (width 0.15))
    (fp_circle (center 0 0) (end 4.75 0) (layer F.CrtYd) (width 0.05))
    (fp_text user %R (at 0.3 0) (layer F.Fab)
      (effects (font (size 1 1) (thickness 0.15)))
    )
    (pad 1 thru_hole circle (at 2.386485 -2.386485) (size 0.9 0.9) (drill 0.6) (layers *.Cu *.Mask)
      (net 6 Vin))
    (pad 1 thru_hole circle (at 0 -3.375) (size 0.9 0.9) (drill 0.6) (layers *.Cu *.Mask)
      (net 6 Vin))
    (pad 1 thru_hole circle (at -2.386485 -2.386485) (size 0.9 0.9) (drill 0.6) (layers *.Cu *.Mask)
      (net 6 Vin))
    (pad 1 thru_hole circle (at -3.375 0) (size 0.9 0.9) (drill 0.6) (layers *.Cu *.Mask)
      (net 6 Vin))
    (pad 1 thru_hole circle (at -2.386485 2.386485) (size 0.9 0.9) (drill 0.6) (layers *.Cu *.Mask)
      (net 6 Vin))
    (pad 1 thru_hole circle (at 0 3.375) (size 0.9 0.9) (drill 0.6) (layers *.Cu *.Mask)
      (net 6 Vin))
    (pad 1 thru_hole circle (at 2.386485 2.386485) (size 0.9 0.9) (drill 0.6) (layers *.Cu *.Mask)
      (net 6 Vin))
    (pad 1 thru_hole circle (at 3.375 0) (size 0.9 0.9) (drill 0.6) (layers *.Cu *.Mask)
      (net 6 Vin))
    (pad 1 thru_hole circle (at 0 0) (size 9 9) (drill 4.5) (layers *.Cu *.Mask)
      (net 6 Vin))
  )

  (module Capacitor_SMD:C_1206_3216Metric (layer F.Cu) (tedit 5F68FEEE) (tstamp 61F80301)
    (at 132.9 92.1 270)
    (descr "Capacitor SMD 1206 (3216 Metric), square (rectangular) end terminal, IPC_7351 nominal, (Body size source: IPC-SM-782 page 76, https://www.pcb-3d.com/wordpress/wp-content/uploads/ipc-sm-782a_amendment_1_and_2.pdf), generated with kicad-footprint-generator")
    (tags capacitor)
    (path /61F30283)
    (attr smd)
    (fp_text reference C10 (at 0 -1.85 90) (layer F.Fab)
      (effects (font (size 1 1) (thickness 0.15)))
    )
    (fp_text value 2.2u (at 0 1.85 90) (layer F.Fab)
      (effects (font (size 1 1) (thickness 0.15)))
    )
    (fp_line (start -1.6 0.8) (end -1.6 -0.8) (layer F.Fab) (width 0.1))
    (fp_line (start -1.6 -0.8) (end 1.6 -0.8) (layer F.Fab) (width 0.1))
    (fp_line (start 1.6 -0.8) (end 1.6 0.8) (layer F.Fab) (width 0.1))
    (fp_line (start 1.6 0.8) (end -1.6 0.8) (layer F.Fab) (width 0.1))
    (fp_line (start -0.711252 -0.91) (end 0.711252 -0.91) (layer F.SilkS) (width 0.12))
    (fp_line (start -0.711252 0.91) (end 0.711252 0.91) (layer F.SilkS) (width 0.12))
    (fp_line (start -2.3 1.15) (end -2.3 -1.15) (layer F.CrtYd) (width 0.05))
    (fp_line (start -2.3 -1.15) (end 2.3 -1.15) (layer F.CrtYd) (width 0.05))
    (fp_line (start 2.3 -1.15) (end 2.3 1.15) (layer F.CrtYd) (width 0.05))
    (fp_line (start 2.3 1.15) (end -2.3 1.15) (layer F.CrtYd) (width 0.05))
    (fp_text user %R (at 0 0 90) (layer F.Fab)
      (effects (font (size 0.8 0.8) (thickness 0.12)))
    )
    (pad 1 smd roundrect (at -1.475 0 270) (size 1.15 1.8) (layers F.Cu F.Paste F.Mask) (roundrect_rratio 0.2173904347826087)
      (net 6 Vin))
    (pad 2 smd roundrect (at 1.475 0 270) (size 1.15 1.8) (layers F.Cu F.Paste F.Mask) (roundrect_rratio 0.2173904347826087)
      (net 1 CSG))
    (model ${KISYS3DMOD}/Capacitor_SMD.3dshapes/C_1206_3216Metric.wrl
      (at (xyz 0 0 0))
      (scale (xyz 1 1 1))
      (rotate (xyz 0 0 0))
    )
  )

  (module Capacitor_SMD:C_1206_3216Metric (layer F.Cu) (tedit 5F68FEEE) (tstamp 61F802F0)
    (at 137.7 92.1 270)
    (descr "Capacitor SMD 1206 (3216 Metric), square (rectangular) end terminal, IPC_7351 nominal, (Body size source: IPC-SM-782 page 76, https://www.pcb-3d.com/wordpress/wp-content/uploads/ipc-sm-782a_amendment_1_and_2.pdf), generated with kicad-footprint-generator")
    (tags capacitor)
    (path /61F2E897)
    (attr smd)
    (fp_text reference C9 (at 0 -1.85 90) (layer F.Fab)
      (effects (font (size 1 1) (thickness 0.15)))
    )
    (fp_text value 2.2u (at 0 1.85 90) (layer F.Fab)
      (effects (font (size 1 1) (thickness 0.15)))
    )
    (fp_line (start 2.3 1.15) (end -2.3 1.15) (layer F.CrtYd) (width 0.05))
    (fp_line (start 2.3 -1.15) (end 2.3 1.15) (layer F.CrtYd) (width 0.05))
    (fp_line (start -2.3 -1.15) (end 2.3 -1.15) (layer F.CrtYd) (width 0.05))
    (fp_line (start -2.3 1.15) (end -2.3 -1.15) (layer F.CrtYd) (width 0.05))
    (fp_line (start -0.711252 0.91) (end 0.711252 0.91) (layer F.SilkS) (width 0.12))
    (fp_line (start -0.711252 -0.91) (end 0.711252 -0.91) (layer F.SilkS) (width 0.12))
    (fp_line (start 1.6 0.8) (end -1.6 0.8) (layer F.Fab) (width 0.1))
    (fp_line (start 1.6 -0.8) (end 1.6 0.8) (layer F.Fab) (width 0.1))
    (fp_line (start -1.6 -0.8) (end 1.6 -0.8) (layer F.Fab) (width 0.1))
    (fp_line (start -1.6 0.8) (end -1.6 -0.8) (layer F.Fab) (width 0.1))
    (fp_text user %R (at 0 0 90) (layer F.Fab)
      (effects (font (size 0.8 0.8) (thickness 0.12)))
    )
    (pad 2 smd roundrect (at 1.475 0 270) (size 1.15 1.8) (layers F.Cu F.Paste F.Mask) (roundrect_rratio 0.2173904347826087)
      (net 1 CSG))
    (pad 1 smd roundrect (at -1.475 0 270) (size 1.15 1.8) (layers F.Cu F.Paste F.Mask) (roundrect_rratio 0.2173904347826087)
      (net 6 Vin))
    (model ${KISYS3DMOD}/Capacitor_SMD.3dshapes/C_1206_3216Metric.wrl
      (at (xyz 0 0 0))
      (scale (xyz 1 1 1))
      (rotate (xyz 0 0 0))
    )
  )

  (module Capacitor_SMD:C_1206_3216Metric (layer F.Cu) (tedit 5F68FEEE) (tstamp 61F802DF)
    (at 140.1 92.1 270)
    (descr "Capacitor SMD 1206 (3216 Metric), square (rectangular) end terminal, IPC_7351 nominal, (Body size source: IPC-SM-782 page 76, https://www.pcb-3d.com/wordpress/wp-content/uploads/ipc-sm-782a_amendment_1_and_2.pdf), generated with kicad-footprint-generator")
    (tags capacitor)
    (path /61F2F769)
    (attr smd)
    (fp_text reference C8 (at 0 -1.85 90) (layer F.Fab)
      (effects (font (size 1 1) (thickness 0.15)))
    )
    (fp_text value 2.2u (at 0 1.85 90) (layer F.Fab)
      (effects (font (size 1 1) (thickness 0.15)))
    )
    (fp_line (start 2.3 1.15) (end -2.3 1.15) (layer F.CrtYd) (width 0.05))
    (fp_line (start 2.3 -1.15) (end 2.3 1.15) (layer F.CrtYd) (width 0.05))
    (fp_line (start -2.3 -1.15) (end 2.3 -1.15) (layer F.CrtYd) (width 0.05))
    (fp_line (start -2.3 1.15) (end -2.3 -1.15) (layer F.CrtYd) (width 0.05))
    (fp_line (start -0.711252 0.91) (end 0.711252 0.91) (layer F.SilkS) (width 0.12))
    (fp_line (start -0.711252 -0.91) (end 0.711252 -0.91) (layer F.SilkS) (width 0.12))
    (fp_line (start 1.6 0.8) (end -1.6 0.8) (layer F.Fab) (width 0.1))
    (fp_line (start 1.6 -0.8) (end 1.6 0.8) (layer F.Fab) (width 0.1))
    (fp_line (start -1.6 -0.8) (end 1.6 -0.8) (layer F.Fab) (width 0.1))
    (fp_line (start -1.6 0.8) (end -1.6 -0.8) (layer F.Fab) (width 0.1))
    (fp_text user %R (at 0 0 90) (layer F.Fab)
      (effects (font (size 0.8 0.8) (thickness 0.12)))
    )
    (pad 2 smd roundrect (at 1.475 0 270) (size 1.15 1.8) (layers F.Cu F.Paste F.Mask) (roundrect_rratio 0.2173904347826087)
      (net 1 CSG))
    (pad 1 smd roundrect (at -1.475 0 270) (size 1.15 1.8) (layers F.Cu F.Paste F.Mask) (roundrect_rratio 0.2173904347826087)
      (net 6 Vin))
    (model ${KISYS3DMOD}/Capacitor_SMD.3dshapes/C_1206_3216Metric.wrl
      (at (xyz 0 0 0))
      (scale (xyz 1 1 1))
      (rotate (xyz 0 0 0))
    )
  )

  (module Capacitor_SMD:C_1206_3216Metric (layer F.Cu) (tedit 5F68FEEE) (tstamp 61F802CE)
    (at 135.3 92.1 270)
    (descr "Capacitor SMD 1206 (3216 Metric), square (rectangular) end terminal, IPC_7351 nominal, (Body size source: IPC-SM-782 page 76, https://www.pcb-3d.com/wordpress/wp-content/uploads/ipc-sm-782a_amendment_1_and_2.pdf), generated with kicad-footprint-generator")
    (tags capacitor)
    (path /61F2F933)
    (attr smd)
    (fp_text reference C7 (at 0 -1.85 90) (layer F.Fab)
      (effects (font (size 1 1) (thickness 0.15)))
    )
    (fp_text value 2.2u (at 0 1.85 90) (layer F.Fab)
      (effects (font (size 1 1) (thickness 0.15)))
    )
    (fp_line (start 2.3 1.15) (end -2.3 1.15) (layer F.CrtYd) (width 0.05))
    (fp_line (start 2.3 -1.15) (end 2.3 1.15) (layer F.CrtYd) (width 0.05))
    (fp_line (start -2.3 -1.15) (end 2.3 -1.15) (layer F.CrtYd) (width 0.05))
    (fp_line (start -2.3 1.15) (end -2.3 -1.15) (layer F.CrtYd) (width 0.05))
    (fp_line (start -0.711252 0.91) (end 0.711252 0.91) (layer F.SilkS) (width 0.12))
    (fp_line (start -0.711252 -0.91) (end 0.711252 -0.91) (layer F.SilkS) (width 0.12))
    (fp_line (start 1.6 0.8) (end -1.6 0.8) (layer F.Fab) (width 0.1))
    (fp_line (start 1.6 -0.8) (end 1.6 0.8) (layer F.Fab) (width 0.1))
    (fp_line (start -1.6 -0.8) (end 1.6 -0.8) (layer F.Fab) (width 0.1))
    (fp_line (start -1.6 0.8) (end -1.6 -0.8) (layer F.Fab) (width 0.1))
    (fp_text user %R (at 0 0 90) (layer F.Fab)
      (effects (font (size 0.8 0.8) (thickness 0.12)))
    )
    (pad 2 smd roundrect (at 1.475 0 270) (size 1.15 1.8) (layers F.Cu F.Paste F.Mask) (roundrect_rratio 0.2173904347826087)
      (net 1 CSG))
    (pad 1 smd roundrect (at -1.475 0 270) (size 1.15 1.8) (layers F.Cu F.Paste F.Mask) (roundrect_rratio 0.2173904347826087)
      (net 6 Vin))
    (model ${KISYS3DMOD}/Capacitor_SMD.3dshapes/C_1206_3216Metric.wrl
      (at (xyz 0 0 0))
      (scale (xyz 1 1 1))
      (rotate (xyz 0 0 0))
    )
  )

  (module Capacitor_SMD:C_Elec_8x10.2 (layer F.Cu) (tedit 5BC8D926) (tstamp 61F8029B)
    (at 135.8 80.4 90)
    (descr "SMD capacitor, aluminum electrolytic nonpolar, 8.0x10.2mm")
    (tags "capacitor electrolyic nonpolar")
    (path /61F320CA)
    (attr smd)
    (fp_text reference C4 (at 0 -5.2 90) (layer F.Fab)
      (effects (font (size 1 1) (thickness 0.15)))
    )
    (fp_text value 47u (at 0 5.2 90) (layer F.Fab)
      (effects (font (size 1 1) (thickness 0.15)))
    )
    (fp_line (start -6.1 1.3) (end -4.4 1.3) (layer F.CrtYd) (width 0.05))
    (fp_line (start -6.1 -1.3) (end -6.1 1.3) (layer F.CrtYd) (width 0.05))
    (fp_line (start -4.4 -1.3) (end -6.1 -1.3) (layer F.CrtYd) (width 0.05))
    (fp_line (start -4.4 1.3) (end -4.4 3.25) (layer F.CrtYd) (width 0.05))
    (fp_line (start -4.4 -3.25) (end -4.4 -1.3) (layer F.CrtYd) (width 0.05))
    (fp_line (start -4.4 -3.25) (end -3.25 -4.4) (layer F.CrtYd) (width 0.05))
    (fp_line (start -4.4 3.25) (end -3.25 4.4) (layer F.CrtYd) (width 0.05))
    (fp_line (start -3.25 -4.4) (end 4.4 -4.4) (layer F.CrtYd) (width 0.05))
    (fp_line (start -3.25 4.4) (end 4.4 4.4) (layer F.CrtYd) (width 0.05))
    (fp_line (start 4.4 1.3) (end 4.4 4.4) (layer F.CrtYd) (width 0.05))
    (fp_line (start 6.1 1.3) (end 4.4 1.3) (layer F.CrtYd) (width 0.05))
    (fp_line (start 6.1 -1.3) (end 6.1 1.3) (layer F.CrtYd) (width 0.05))
    (fp_line (start 4.4 -1.3) (end 6.1 -1.3) (layer F.CrtYd) (width 0.05))
    (fp_line (start 4.4 -4.4) (end 4.4 -1.3) (layer F.CrtYd) (width 0.05))
    (fp_line (start -4.26 3.195563) (end -3.195563 4.26) (layer F.SilkS) (width 0.12))
    (fp_line (start -4.26 -3.195563) (end -3.195563 -4.26) (layer F.SilkS) (width 0.12))
    (fp_line (start -4.26 -3.195563) (end -4.26 -1.31) (layer F.SilkS) (width 0.12))
    (fp_line (start -4.26 3.195563) (end -4.26 1.31) (layer F.SilkS) (width 0.12))
    (fp_line (start -3.195563 4.26) (end 4.26 4.26) (layer F.SilkS) (width 0.12))
    (fp_line (start -3.195563 -4.26) (end 4.26 -4.26) (layer F.SilkS) (width 0.12))
    (fp_line (start 4.26 -4.26) (end 4.26 -1.31) (layer F.SilkS) (width 0.12))
    (fp_line (start 4.26 4.26) (end 4.26 1.31) (layer F.SilkS) (width 0.12))
    (fp_line (start -4.15 3.15) (end -3.15 4.15) (layer F.Fab) (width 0.1))
    (fp_line (start -4.15 -3.15) (end -3.15 -4.15) (layer F.Fab) (width 0.1))
    (fp_line (start -4.15 -3.15) (end -4.15 3.15) (layer F.Fab) (width 0.1))
    (fp_line (start -3.15 4.15) (end 4.15 4.15) (layer F.Fab) (width 0.1))
    (fp_line (start -3.15 -4.15) (end 4.15 -4.15) (layer F.Fab) (width 0.1))
    (fp_line (start 4.15 -4.15) (end 4.15 4.15) (layer F.Fab) (width 0.1))
    (fp_circle (center 0 0) (end 4 0) (layer F.Fab) (width 0.1))
    (fp_text user %R (at 0 0 90) (layer F.Fab)
      (effects (font (size 1 1) (thickness 0.15)))
    )
    (pad 2 smd roundrect (at 3.6 0 90) (size 4.5 2.1) (layers F.Cu F.Paste F.Mask) (roundrect_rratio 0.1190471428571429)
      (net 1 CSG))
    (pad 1 smd roundrect (at -3.6 0 90) (size 4.5 2.1) (layers F.Cu F.Paste F.Mask) (roundrect_rratio 0.1190471428571429)
      (net 6 Vin))
    (model ${KISYS3DMOD}/Capacitor_SMD.3dshapes/C_Elec_8x10.2.wrl
      (at (xyz 0 0 0))
      (scale (xyz 1 1 1))
      (rotate (xyz 0 0 0))
    )
  )

  (module Diode_SMD:D_SOT-23_ANK (layer F.Cu) (tedit 587CCEF9) (tstamp 62130132)
    (at 149.3 79.6 270)
    (descr "SOT-23, Single Diode")
    (tags SOT-23)
    (path /62132BAE)
    (attr smd)
    (fp_text reference D3 (at 0 -2.5 90) (layer F.Fab)
      (effects (font (size 1 1) (thickness 0.15)))
    )
    (fp_text value CMPD2003 (at 0 2.5 90) (layer F.Fab)
      (effects (font (size 1 1) (thickness 0.15)))
    )
    (fp_line (start 0.76 1.58) (end -0.7 1.58) (layer F.SilkS) (width 0.12))
    (fp_line (start -0.7 -1.52) (end -0.7 1.52) (layer F.Fab) (width 0.1))
    (fp_line (start -0.7 -1.52) (end 0.7 -1.52) (layer F.Fab) (width 0.1))
    (fp_line (start 0.76 -1.58) (end -1.4 -1.58) (layer F.SilkS) (width 0.12))
    (fp_line (start -1.7 1.75) (end -1.7 -1.75) (layer F.CrtYd) (width 0.05))
    (fp_line (start 1.7 1.75) (end -1.7 1.75) (layer F.CrtYd) (width 0.05))
    (fp_line (start 1.7 -1.75) (end 1.7 1.75) (layer F.CrtYd) (width 0.05))
    (fp_line (start -1.7 -1.75) (end 1.7 -1.75) (layer F.CrtYd) (width 0.05))
    (fp_line (start -0.7 1.52) (end 0.7 1.52) (layer F.Fab) (width 0.1))
    (fp_line (start 0.7 -1.52) (end 0.7 1.52) (layer F.Fab) (width 0.1))
    (fp_line (start 0.76 -1.58) (end 0.76 -0.65) (layer F.SilkS) (width 0.12))
    (fp_line (start 0.76 1.58) (end 0.76 0.65) (layer F.SilkS) (width 0.12))
    (fp_line (start 0.15 -0.65) (end 0.15 -0.25) (layer F.Fab) (width 0.1))
    (fp_line (start 0.15 -0.45) (end 0.4 -0.45) (layer F.Fab) (width 0.1))
    (fp_line (start 0.15 -0.45) (end -0.15 -0.65) (layer F.Fab) (width 0.1))
    (fp_line (start -0.15 -0.65) (end -0.15 -0.25) (layer F.Fab) (width 0.1))
    (fp_line (start -0.15 -0.25) (end 0.15 -0.45) (layer F.Fab) (width 0.1))
    (fp_line (start -0.15 -0.45) (end -0.4 -0.45) (layer F.Fab) (width 0.1))
    (fp_text user %R (at 0 -2.5 90) (layer F.Fab)
      (effects (font (size 1 1) (thickness 0.15)))
    )
    (pad 1 smd rect (at 1 0 270) (size 0.9 0.8) (layers F.Cu F.Paste F.Mask)
      (net 6 Vin))
    (pad "" smd rect (at -1 0.95 270) (size 0.9 0.8) (layers F.Cu F.Paste F.Mask))
    (pad 2 smd rect (at -1 -0.95 270) (size 0.9 0.8) (layers F.Cu F.Paste F.Mask)
      (net 1 CSG))
    (model ${KISYS3DMOD}/Diode_SMD.3dshapes/D_SOT-23.wrl
      (at (xyz 0 0 0))
      (scale (xyz 1 1 1))
      (rotate (xyz 0 0 0))
    )
  )

  (module Capacitor_SMD:C_0603_1608Metric (layer F.Cu) (tedit 5F68FEEE) (tstamp 620E0425)
    (at 170.1 91.4)
    (descr "Capacitor SMD 0603 (1608 Metric), square (rectangular) end terminal, IPC_7351 nominal, (Body size source: IPC-SM-782 page 76, https://www.pcb-3d.com/wordpress/wp-content/uploads/ipc-sm-782a_amendment_1_and_2.pdf), generated with kicad-footprint-generator")
    (tags capacitor)
    (path /620E7C21)
    (attr smd)
    (fp_text reference C20 (at 0 -1.43) (layer F.Fab)
      (effects (font (size 1 1) (thickness 0.15)))
    )
    (fp_text value 22n (at 0 1.43) (layer F.Fab)
      (effects (font (size 1 1) (thickness 0.15)))
    )
    (fp_line (start 1.48 0.73) (end -1.48 0.73) (layer F.CrtYd) (width 0.05))
    (fp_line (start 1.48 -0.73) (end 1.48 0.73) (layer F.CrtYd) (width 0.05))
    (fp_line (start -1.48 -0.73) (end 1.48 -0.73) (layer F.CrtYd) (width 0.05))
    (fp_line (start -1.48 0.73) (end -1.48 -0.73) (layer F.CrtYd) (width 0.05))
    (fp_line (start -0.14058 0.51) (end 0.14058 0.51) (layer F.SilkS) (width 0.12))
    (fp_line (start -0.14058 -0.51) (end 0.14058 -0.51) (layer F.SilkS) (width 0.12))
    (fp_line (start 0.8 0.4) (end -0.8 0.4) (layer F.Fab) (width 0.1))
    (fp_line (start 0.8 -0.4) (end 0.8 0.4) (layer F.Fab) (width 0.1))
    (fp_line (start -0.8 -0.4) (end 0.8 -0.4) (layer F.Fab) (width 0.1))
    (fp_line (start -0.8 0.4) (end -0.8 -0.4) (layer F.Fab) (width 0.1))
    (fp_text user %R (at 0 0) (layer F.Fab)
      (effects (font (size 0.4 0.4) (thickness 0.06)))
    )
    (pad 2 smd roundrect (at 0.775 0) (size 0.9 0.95) (layers F.Cu F.Paste F.Mask) (roundrect_rratio 0.25)
      (net 1 CSG))
    (pad 1 smd roundrect (at -0.775 0) (size 0.9 0.95) (layers F.Cu F.Paste F.Mask) (roundrect_rratio 0.25)
      (net 12 Vout))
    (model ${KISYS3DMOD}/Capacitor_SMD.3dshapes/C_0603_1608Metric.wrl
      (at (xyz 0 0 0))
      (scale (xyz 1 1 1))
      (rotate (xyz 0 0 0))
    )
  )

  (module Capacitor_SMD:C_0603_1608Metric (layer F.Cu) (tedit 5F68FEEE) (tstamp 620E0334)
    (at 130.7 89.4 90)
    (descr "Capacitor SMD 0603 (1608 Metric), square (rectangular) end terminal, IPC_7351 nominal, (Body size source: IPC-SM-782 page 76, https://www.pcb-3d.com/wordpress/wp-content/uploads/ipc-sm-782a_amendment_1_and_2.pdf), generated with kicad-footprint-generator")
    (tags capacitor)
    (path /620F2441)
    (attr smd)
    (fp_text reference C12 (at 0 -1.43 90) (layer F.Fab)
      (effects (font (size 1 1) (thickness 0.15)))
    )
    (fp_text value 22n (at 0 1.43 90) (layer F.Fab)
      (effects (font (size 1 1) (thickness 0.15)))
    )
    (fp_line (start 1.48 0.73) (end -1.48 0.73) (layer F.CrtYd) (width 0.05))
    (fp_line (start 1.48 -0.73) (end 1.48 0.73) (layer F.CrtYd) (width 0.05))
    (fp_line (start -1.48 -0.73) (end 1.48 -0.73) (layer F.CrtYd) (width 0.05))
    (fp_line (start -1.48 0.73) (end -1.48 -0.73) (layer F.CrtYd) (width 0.05))
    (fp_line (start -0.14058 0.51) (end 0.14058 0.51) (layer F.SilkS) (width 0.12))
    (fp_line (start -0.14058 -0.51) (end 0.14058 -0.51) (layer F.SilkS) (width 0.12))
    (fp_line (start 0.8 0.4) (end -0.8 0.4) (layer F.Fab) (width 0.1))
    (fp_line (start 0.8 -0.4) (end 0.8 0.4) (layer F.Fab) (width 0.1))
    (fp_line (start -0.8 -0.4) (end 0.8 -0.4) (layer F.Fab) (width 0.1))
    (fp_line (start -0.8 0.4) (end -0.8 -0.4) (layer F.Fab) (width 0.1))
    (fp_text user %R (at 0 0 90) (layer F.Fab)
      (effects (font (size 0.4 0.4) (thickness 0.06)))
    )
    (pad 2 smd roundrect (at 0.775 0 90) (size 0.9 0.95) (layers F.Cu F.Paste F.Mask) (roundrect_rratio 0.25)
      (net 1 CSG))
    (pad 1 smd roundrect (at -0.775 0 90) (size 0.9 0.95) (layers F.Cu F.Paste F.Mask) (roundrect_rratio 0.25)
      (net 6 Vin))
    (model ${KISYS3DMOD}/Capacitor_SMD.3dshapes/C_0603_1608Metric.wrl
      (at (xyz 0 0 0))
      (scale (xyz 1 1 1))
      (rotate (xyz 0 0 0))
    )
  )

  (module Capacitor_SMD:C_0603_1608Metric (layer F.Cu) (tedit 5F68FEEE) (tstamp 61F801A5)
    (at 120.9 106.2 90)
    (descr "Capacitor SMD 0603 (1608 Metric), square (rectangular) end terminal, IPC_7351 nominal, (Body size source: IPC-SM-782 page 76, https://www.pcb-3d.com/wordpress/wp-content/uploads/ipc-sm-782a_amendment_1_and_2.pdf), generated with kicad-footprint-generator")
    (tags capacitor)
    (path /61F879A2)
    (attr smd)
    (fp_text reference C3 (at 0 -1.43 90) (layer F.Fab)
      (effects (font (size 1 1) (thickness 0.15)))
    )
    (fp_text value 5p (at 0 1.43 90) (layer F.Fab)
      (effects (font (size 1 1) (thickness 0.15)))
    )
    (fp_line (start -0.8 0.4) (end -0.8 -0.4) (layer F.Fab) (width 0.1))
    (fp_line (start -0.8 -0.4) (end 0.8 -0.4) (layer F.Fab) (width 0.1))
    (fp_line (start 0.8 -0.4) (end 0.8 0.4) (layer F.Fab) (width 0.1))
    (fp_line (start 0.8 0.4) (end -0.8 0.4) (layer F.Fab) (width 0.1))
    (fp_line (start -0.14058 -0.51) (end 0.14058 -0.51) (layer F.SilkS) (width 0.12))
    (fp_line (start -0.14058 0.51) (end 0.14058 0.51) (layer F.SilkS) (width 0.12))
    (fp_line (start -1.48 0.73) (end -1.48 -0.73) (layer F.CrtYd) (width 0.05))
    (fp_line (start -1.48 -0.73) (end 1.48 -0.73) (layer F.CrtYd) (width 0.05))
    (fp_line (start 1.48 -0.73) (end 1.48 0.73) (layer F.CrtYd) (width 0.05))
    (fp_line (start 1.48 0.73) (end -1.48 0.73) (layer F.CrtYd) (width 0.05))
    (fp_text user %R (at 0 0 90) (layer F.Fab)
      (effects (font (size 0.4 0.4) (thickness 0.06)))
    )
    (pad 2 smd roundrect (at 0.775 0 90) (size 0.9 0.95) (layers F.Cu F.Paste F.Mask) (roundrect_rratio 0.25)
      (net 4 FB))
    (pad 1 smd roundrect (at -0.775 0 90) (size 0.9 0.95) (layers F.Cu F.Paste F.Mask) (roundrect_rratio 0.25)
      (net 5 "Net-(C3-Pad1)"))
    (model ${KISYS3DMOD}/Capacitor_SMD.3dshapes/C_0603_1608Metric.wrl
      (at (xyz 0 0 0))
      (scale (xyz 1 1 1))
      (rotate (xyz 0 0 0))
    )
  )

  (module Capacitor_SMD:C_0603_1608Metric (layer F.Cu) (tedit 5F68FEEE) (tstamp 61F80312)
    (at 135.4 96.7)
    (descr "Capacitor SMD 0603 (1608 Metric), square (rectangular) end terminal, IPC_7351 nominal, (Body size source: IPC-SM-782 page 76, https://www.pcb-3d.com/wordpress/wp-content/uploads/ipc-sm-782a_amendment_1_and_2.pdf), generated with kicad-footprint-generator")
    (tags capacitor)
    (path /61FD02B9)
    (attr smd)
    (fp_text reference C11 (at 0 -1.43) (layer F.Fab)
      (effects (font (size 1 1) (thickness 0.15)))
    )
    (fp_text value 1u (at 0 1.43) (layer F.Fab)
      (effects (font (size 1 1) (thickness 0.15)))
    )
    (fp_line (start -0.8 0.4) (end -0.8 -0.4) (layer F.Fab) (width 0.1))
    (fp_line (start -0.8 -0.4) (end 0.8 -0.4) (layer F.Fab) (width 0.1))
    (fp_line (start 0.8 -0.4) (end 0.8 0.4) (layer F.Fab) (width 0.1))
    (fp_line (start 0.8 0.4) (end -0.8 0.4) (layer F.Fab) (width 0.1))
    (fp_line (start -0.14058 -0.51) (end 0.14058 -0.51) (layer F.SilkS) (width 0.12))
    (fp_line (start -0.14058 0.51) (end 0.14058 0.51) (layer F.SilkS) (width 0.12))
    (fp_line (start -1.48 0.73) (end -1.48 -0.73) (layer F.CrtYd) (width 0.05))
    (fp_line (start -1.48 -0.73) (end 1.48 -0.73) (layer F.CrtYd) (width 0.05))
    (fp_line (start 1.48 -0.73) (end 1.48 0.73) (layer F.CrtYd) (width 0.05))
    (fp_line (start 1.48 0.73) (end -1.48 0.73) (layer F.CrtYd) (width 0.05))
    (fp_text user %R (at 0 0) (layer F.Fab)
      (effects (font (size 0.4 0.4) (thickness 0.06)))
    )
    (pad 2 smd roundrect (at 0.775 0) (size 0.9 0.95) (layers F.Cu F.Paste F.Mask) (roundrect_rratio 0.25)
      (net 9 SW))
    (pad 1 smd roundrect (at -0.775 0) (size 0.9 0.95) (layers F.Cu F.Paste F.Mask) (roundrect_rratio 0.25)
      (net 10 "Net-(C11-Pad1)"))
    (model ${KISYS3DMOD}/Capacitor_SMD.3dshapes/C_0603_1608Metric.wrl
      (at (xyz 0 0 0))
      (scale (xyz 1 1 1))
      (rotate (xyz 0 0 0))
    )
  )

  (module Capacitor_SMD:C_0603_1608Metric (layer F.Cu) (tedit 5F68FEEE) (tstamp 61F80183)
    (at 119.4 94.975 270)
    (descr "Capacitor SMD 0603 (1608 Metric), square (rectangular) end terminal, IPC_7351 nominal, (Body size source: IPC-SM-782 page 76, https://www.pcb-3d.com/wordpress/wp-content/uploads/ipc-sm-782a_amendment_1_and_2.pdf), generated with kicad-footprint-generator")
    (tags capacitor)
    (path /61F5A448)
    (attr smd)
    (fp_text reference C1 (at 0 -1.43 90) (layer F.Fab)
      (effects (font (size 1 1) (thickness 0.15)))
    )
    (fp_text value 1u (at 0 1.43 90) (layer F.Fab)
      (effects (font (size 1 1) (thickness 0.15)))
    )
    (fp_line (start -0.8 0.4) (end -0.8 -0.4) (layer F.Fab) (width 0.1))
    (fp_line (start -0.8 -0.4) (end 0.8 -0.4) (layer F.Fab) (width 0.1))
    (fp_line (start 0.8 -0.4) (end 0.8 0.4) (layer F.Fab) (width 0.1))
    (fp_line (start 0.8 0.4) (end -0.8 0.4) (layer F.Fab) (width 0.1))
    (fp_line (start -0.14058 -0.51) (end 0.14058 -0.51) (layer F.SilkS) (width 0.12))
    (fp_line (start -0.14058 0.51) (end 0.14058 0.51) (layer F.SilkS) (width 0.12))
    (fp_line (start -1.48 0.73) (end -1.48 -0.73) (layer F.CrtYd) (width 0.05))
    (fp_line (start -1.48 -0.73) (end 1.48 -0.73) (layer F.CrtYd) (width 0.05))
    (fp_line (start 1.48 -0.73) (end 1.48 0.73) (layer F.CrtYd) (width 0.05))
    (fp_line (start 1.48 0.73) (end -1.48 0.73) (layer F.CrtYd) (width 0.05))
    (fp_text user %R (at 0 0 90) (layer F.Fab)
      (effects (font (size 0.4 0.4) (thickness 0.06)))
    )
    (pad 2 smd roundrect (at 0.775 0 270) (size 0.9 0.95) (layers F.Cu F.Paste F.Mask) (roundrect_rratio 0.25)
      (net 1 CSG))
    (pad 1 smd roundrect (at -0.775 0 270) (size 0.9 0.95) (layers F.Cu F.Paste F.Mask) (roundrect_rratio 0.25)
      (net 2 "Net-(C1-Pad1)"))
    (model ${KISYS3DMOD}/Capacitor_SMD.3dshapes/C_0603_1608Metric.wrl
      (at (xyz 0 0 0))
      (scale (xyz 1 1 1))
      (rotate (xyz 0 0 0))
    )
  )

  (module Capacitor_SMD:C_0603_1608Metric (layer F.Cu) (tedit 5F68FEEE) (tstamp 61F802BD)
    (at 118.8 103.9 180)
    (descr "Capacitor SMD 0603 (1608 Metric), square (rectangular) end terminal, IPC_7351 nominal, (Body size source: IPC-SM-782 page 76, https://www.pcb-3d.com/wordpress/wp-content/uploads/ipc-sm-782a_amendment_1_and_2.pdf), generated with kicad-footprint-generator")
    (tags capacitor)
    (path /61F70361)
    (attr smd)
    (fp_text reference C6 (at 0 -1.43) (layer F.Fab)
      (effects (font (size 1 1) (thickness 0.15)))
    )
    (fp_text value 100n (at 0 1.43) (layer F.Fab)
      (effects (font (size 1 1) (thickness 0.15)))
    )
    (fp_line (start -0.8 0.4) (end -0.8 -0.4) (layer F.Fab) (width 0.1))
    (fp_line (start -0.8 -0.4) (end 0.8 -0.4) (layer F.Fab) (width 0.1))
    (fp_line (start 0.8 -0.4) (end 0.8 0.4) (layer F.Fab) (width 0.1))
    (fp_line (start 0.8 0.4) (end -0.8 0.4) (layer F.Fab) (width 0.1))
    (fp_line (start -0.14058 -0.51) (end 0.14058 -0.51) (layer F.SilkS) (width 0.12))
    (fp_line (start -0.14058 0.51) (end 0.14058 0.51) (layer F.SilkS) (width 0.12))
    (fp_line (start -1.48 0.73) (end -1.48 -0.73) (layer F.CrtYd) (width 0.05))
    (fp_line (start -1.48 -0.73) (end 1.48 -0.73) (layer F.CrtYd) (width 0.05))
    (fp_line (start 1.48 -0.73) (end 1.48 0.73) (layer F.CrtYd) (width 0.05))
    (fp_line (start 1.48 0.73) (end -1.48 0.73) (layer F.CrtYd) (width 0.05))
    (fp_text user %R (at 0 0) (layer F.Fab)
      (effects (font (size 0.4 0.4) (thickness 0.06)))
    )
    (pad 2 smd roundrect (at 0.775 0 180) (size 0.9 0.95) (layers F.Cu F.Paste F.Mask) (roundrect_rratio 0.25)
      (net 1 CSG))
    (pad 1 smd roundrect (at -0.775 0 180) (size 0.9 0.95) (layers F.Cu F.Paste F.Mask) (roundrect_rratio 0.25)
      (net 8 "Net-(C6-Pad1)"))
    (model ${KISYS3DMOD}/Capacitor_SMD.3dshapes/C_0603_1608Metric.wrl
      (at (xyz 0 0 0))
      (scale (xyz 1 1 1))
      (rotate (xyz 0 0 0))
    )
  )

  (module Resistor_SMD:R_0603_1608Metric (layer F.Cu) (tedit 5F68FEEE) (tstamp 61F80480)
    (at 117.8 91.8 270)
    (descr "Resistor SMD 0603 (1608 Metric), square (rectangular) end terminal, IPC_7351 nominal, (Body size source: IPC-SM-782 page 72, https://www.pcb-3d.com/wordpress/wp-content/uploads/ipc-sm-782a_amendment_1_and_2.pdf), generated with kicad-footprint-generator")
    (tags resistor)
    (path /61F3C300)
    (attr smd)
    (fp_text reference R1 (at 0 -1.43 90) (layer F.Fab)
      (effects (font (size 1 1) (thickness 0.15)))
    )
    (fp_text value 100k (at 0 1.43 90) (layer F.Fab)
      (effects (font (size 1 1) (thickness 0.15)))
    )
    (fp_line (start -0.8 0.4125) (end -0.8 -0.4125) (layer F.Fab) (width 0.1))
    (fp_line (start -0.8 -0.4125) (end 0.8 -0.4125) (layer F.Fab) (width 0.1))
    (fp_line (start 0.8 -0.4125) (end 0.8 0.4125) (layer F.Fab) (width 0.1))
    (fp_line (start 0.8 0.4125) (end -0.8 0.4125) (layer F.Fab) (width 0.1))
    (fp_line (start -0.237258 -0.5225) (end 0.237258 -0.5225) (layer F.SilkS) (width 0.12))
    (fp_line (start -0.237258 0.5225) (end 0.237258 0.5225) (layer F.SilkS) (width 0.12))
    (fp_line (start -1.48 0.73) (end -1.48 -0.73) (layer F.CrtYd) (width 0.05))
    (fp_line (start -1.48 -0.73) (end 1.48 -0.73) (layer F.CrtYd) (width 0.05))
    (fp_line (start 1.48 -0.73) (end 1.48 0.73) (layer F.CrtYd) (width 0.05))
    (fp_line (start 1.48 0.73) (end -1.48 0.73) (layer F.CrtYd) (width 0.05))
    (fp_text user %R (at 0 0 90) (layer F.Fab)
      (effects (font (size 0.4 0.4) (thickness 0.06)))
    )
    (pad 2 smd roundrect (at 0.825 0 270) (size 0.8 0.95) (layers F.Cu F.Paste F.Mask) (roundrect_rratio 0.25)
      (net 2 "Net-(C1-Pad1)"))
    (pad 1 smd roundrect (at -0.825 0 270) (size 0.8 0.95) (layers F.Cu F.Paste F.Mask) (roundrect_rratio 0.25)
      (net 6 Vin))
    (model ${KISYS3DMOD}/Resistor_SMD.3dshapes/R_0603_1608Metric.wrl
      (at (xyz 0 0 0))
      (scale (xyz 1 1 1))
      (rotate (xyz 0 0 0))
    )
  )

  (module Capacitor_SMD:C_0603_1608Metric (layer F.Cu) (tedit 5F68FEEE) (tstamp 61F802AC)
    (at 120.1 108.5 180)
    (descr "Capacitor SMD 0603 (1608 Metric), square (rectangular) end terminal, IPC_7351 nominal, (Body size source: IPC-SM-782 page 76, https://www.pcb-3d.com/wordpress/wp-content/uploads/ipc-sm-782a_amendment_1_and_2.pdf), generated with kicad-footprint-generator")
    (tags capacitor)
    (path /61F88ECC)
    (attr smd)
    (fp_text reference C5 (at 0 -1.43) (layer F.Fab)
      (effects (font (size 1 1) (thickness 0.15)))
    )
    (fp_text value 2n (at 0 1.43) (layer F.Fab)
      (effects (font (size 1 1) (thickness 0.15)))
    )
    (fp_line (start -0.8 0.4) (end -0.8 -0.4) (layer F.Fab) (width 0.1))
    (fp_line (start -0.8 -0.4) (end 0.8 -0.4) (layer F.Fab) (width 0.1))
    (fp_line (start 0.8 -0.4) (end 0.8 0.4) (layer F.Fab) (width 0.1))
    (fp_line (start 0.8 0.4) (end -0.8 0.4) (layer F.Fab) (width 0.1))
    (fp_line (start -0.14058 -0.51) (end 0.14058 -0.51) (layer F.SilkS) (width 0.12))
    (fp_line (start -0.14058 0.51) (end 0.14058 0.51) (layer F.SilkS) (width 0.12))
    (fp_line (start -1.48 0.73) (end -1.48 -0.73) (layer F.CrtYd) (width 0.05))
    (fp_line (start -1.48 -0.73) (end 1.48 -0.73) (layer F.CrtYd) (width 0.05))
    (fp_line (start 1.48 -0.73) (end 1.48 0.73) (layer F.CrtYd) (width 0.05))
    (fp_line (start 1.48 0.73) (end -1.48 0.73) (layer F.CrtYd) (width 0.05))
    (fp_text user %R (at 0 0) (layer F.Fab)
      (effects (font (size 0.4 0.4) (thickness 0.06)))
    )
    (pad 2 smd roundrect (at 0.775 0 180) (size 0.9 0.95) (layers F.Cu F.Paste F.Mask) (roundrect_rratio 0.25)
      (net 7 "Net-(C5-Pad2)"))
    (pad 1 smd roundrect (at -0.775 0 180) (size 0.9 0.95) (layers F.Cu F.Paste F.Mask) (roundrect_rratio 0.25)
      (net 5 "Net-(C3-Pad1)"))
    (model ${KISYS3DMOD}/Capacitor_SMD.3dshapes/C_0603_1608Metric.wrl
      (at (xyz 0 0 0))
      (scale (xyz 1 1 1))
      (rotate (xyz 0 0 0))
    )
  )

  (module Resistor_SMD:R_0603_1608Metric (layer F.Cu) (tedit 5F68FEEE) (tstamp 61F80491)
    (at 117.8 94.925 270)
    (descr "Resistor SMD 0603 (1608 Metric), square (rectangular) end terminal, IPC_7351 nominal, (Body size source: IPC-SM-782 page 72, https://www.pcb-3d.com/wordpress/wp-content/uploads/ipc-sm-782a_amendment_1_and_2.pdf), generated with kicad-footprint-generator")
    (tags resistor)
    (path /61F3CC00)
    (attr smd)
    (fp_text reference R2 (at 0 -1.43 90) (layer F.Fab)
      (effects (font (size 1 1) (thickness 0.15)))
    )
    (fp_text value 10k (at 0 1.43 90) (layer F.Fab)
